0	0 1 2 3 4 5
0	6 7 8 9 10 11 12 13 14 15 5
0	16 17 18 19 20 21 22 5
0	6 7 23 24 25 26 27 28 29 30 5
0	6 7 31 32 33 34 35 11 36 5
0	0 37 18 38 39 40 5
0	6 7 41 11 18 42 43 44 5
0	6 7 45 46 47 48 17 18 49 50 51 5
0	6 7 52 20 18 53 54 55 34 35 5
0	6 7 56 34 57 11 18 58 59 5
0	60 61 62 1 63 64 65 66 18 67 68 5
0	0 37 69 70 71 5
0	0 37 72 73 74 75 76 5
0	6 77 78 79 26 80 81 82 83 5
0	6 84 79 85 86 87 88 89 90 24 91 92 93 94 18 95 5
0	0 37 18 96 97 86 98 5
0	6 77 99 85 100 90 101 26 102 103 104 5 105 106 5 5
0	6 7 107 108 109 86 90 110 5
0	6 7 111 9 112 11 18 113 114 5
0	6 7 115 34 35 11 26 116 117 118 5
0	16 17 18 119 120 121 122 5
0	60 123 62 37 124 125 126 127 5
0	6 7 128 79 85 86 18 129 90 130 131 18 132 5
0	60 123 62 1 133 134 135 136 20 137 5
0	6 7 138 9 139 11 18 140 141 5
0	16 34 18 142 143 128 11 18 144 145 5
0	0 1 18 146 147 148 149 150 5
0	0 37 18 151 152 20 153 154 74 155 86 98 5
0	69 156 71 11 123 62 5
0	6 7 52 20 157 34 35 5
0	6 7 41 34 35 11 18 42 5
0	16 17 18 158 20 18 159 160 5
0	0 37 161 162 5
0	6 77 79 26 163 164 165 166 100 5
0	6 7 167 79 26 116 168 24 11 142 169 5
0	6 7 170 140 171 172 18 173 174 11 175 176 5
0	6 7 41 177 18 178 9 112 66 18 179 20 180 181 182 183 46 184 5 185 5 186 187 5 188 5
0	0 1 18 146 189 190 11 18 191 192 193 5
0	0 37 18 194 147 195 25 5
0	0 37 196 197 198 199 172 26 200 201 5
0	0 37 202 203 204 205 5
0	6 7 48 34 35 11 26 206 5
0	0 17 21 22 5
0	0 1 18 207 20 18 208 209 5
0	6 7 41 37 210 211 212 5
0	0 37 213 214 5 215 5 5
0	16 17 18 216 20 18 217 218 5
0	16 1 219 220 221 5
0	16 222 1 223 224 225 11 226 5
0	6 7 107 227 37 18 228 229 230 5
0	16 17 18 231 74 232 20 233 234 5 235 5
0	16 17 18 236 237 238 239 20 26 240 241 5
0	16 17 18 242 20 243 5
0	6 7 244 34 35 11 26 245 246 5
0	16 220 18 140 247 248 87 249 250 11 18 251 5
0	16 17 18 252 20 18 253 254 5
0	16 62 37 255 256 257 18 258 259 260 261 5
0	6 7 262 37 263 264 5
0	16 17 18 252 20 18 253 254 5
0	6 7 265 5 266 267 268 5
0	6 7 269 270 34 35 11 271 272 273 5
0	16 274 20 222 37 275 276 162 5
0	6 7 107 37 85 86 277 278 90 264 279 5
0	6 7 280 20 281 5 282 34 35 5 142
0	16 17 18 283 20 140 284 285 286 87 66 18 287 288 5
0	0 1 18 289 220 290 291 292 5
0	16 62 37 293 162 5
0	6 77 78 34 294 220 295 296 87 5
0	6 7 297 17 85 90 243 66 298 299 5
0	6 77 300 301 271 302 20 303 5
0	0 79 18 304 305 146 172 306 5
0	16 17 18 252 20 18 253 254 5
0	6 7 307 308 26 309 310 5
0	0 17 18 311 312 11 313 5
0	6 7 314 315 17 18 316 20 26 317 318 18 120 319 5
0	6 84 79 85 86 87 320 220 321 90 322 5
0	16 323 20 26 324 220 325 17 326 327 5
0	6 7 107 17 328 329 330 331 332 5
0	6 77 99 26 333 334 335 336 337 5 338 339 177 85 5 5
0	6 7 340 34 35 11 26 341 342 310 5
0	0 37 69 195 177 18 120 5
0	16 17 18 343 344 87 18 345 20 346 5
0	6 7 347 37 348 349 172 5
0	6 84 17 18 350 351 352 5
0	6 7 353 34 11 354 5
0	0 1 18 355 20 356 5
0	0 37 357 40 5
0	16 17 18 358 87 359 360 361 362 5
0	6 7 363 24 25 18 364 87 5 365 5 5
0	6 7 366 79 271 367 172 5
0	6 7 368 34 35 11 26 369 29 370 5
0	16 371 20 18 95 17 372 5
0	16 79 271 304 373 374 83 375 11 63 376 5
0	0 17 18 377 378 379 90 380 5
0	0 17 381 22 5
0	6 7 382 383 26 384 385 386 5
0	16 222 20 18 387 388 18 389 390 166 391 5
0	6 392 17 393 5
0	0 1 18 146 140 394 150 5
0	6 7 395 269 26 396 5
1	16 2164 424 772 2165 18 389 2166 5
1	16 17 18 2065 2167 11 18 191 192 5
1	2168 792 850 2169 2170 2171 5
1	725 108 18 2172 20 5 477 2173 2174 2175 5 86 98 5
1	16 1146 108 18 2176 2177 2178 90 5
1	16 424 772 1547 656 47 2179 5
1	725 17 18 2180 5
1	16 1146 220 2181 17 2182 5
1	2168 1739 399 18 2183 2184 1245 26 2185 105 904 905 5
1	16 34 18 176 20 18 2186 2187 11 2188 5
1	16 95 20 976 79 18 2189 254 1970 1100 5
1	16 1146 37 18 2190 977 87 268 5 188 2191 2192 2193 2193 2193 5
1	16 17 18 2194 87 18 772 20 253 5
1	16 1146 37 616 2195 1733 5
1	16 1146 220 706 2196 2197 1366 17 1459 2198 5
1	16 424 772 17 2199 2200 11 5
1	725 17 18 2065 2201 11 1723 5
1	725 79 2202 2203 195 90 308 459 1837 2204 2205 1994 11 18 5 2206 5 1165 2207 5
1	16 34 18 42 220 563 447 5
1	725 177 18 2208 383 204 888 26 2209 2210 781 2211 90 18 1828 2212 2213 5
1	725 383 204 888 26 2214 20 5 2215 5 2216 2217 74 2218 2219 402 2220 5
1	725 17 18 2221 5
1	16 1739 2165 2222 220 2223 5 177 18 2224 20 18 2225 2226 5
1	16 792 170 140 171 108 2227 1649 2228 5
1	725 17 18 2229 752 764 5
1	16 2230 5 2231 1555 2232 17 2233 630 20 18 2234 2235 5
1	725 34 18 2236 2237 5
1	16 17 18 448 20 18 1739 418 480 481 1111 11 5
1	725 383 204 888 2238 2239 177 482 90 983 26 2240 2241 2242 5
1	16 1146 2243 1915 220 2244 2201 5
1	725 17 18 2245 2235 5
1	16 1739 17 2246 1459 2247 5
1	16 171 172 18 217 2248 20 2249 5
1	16 170 140 1739 399 18 42 220 2065 1691 2250 2251 5
1	16 792 2252 171 2253 18 203 20 140 2254 1726 18 446 5
1	16 17 18 448 20 18 2255 1848 11 18 42 5
1	725 383 204 888 26 2256 20 2257 177 2258 148 11 26 769 2259 5
1	725 1 2090 2091 4 5
1	16 785 786 2260 2261 11 2262 5 2263 5 105 18 2264 20 2265 1111 5
1	16 2252 1739 108 2266 40 11 5
1	16 17 814 220 2181 5
1	16 2252 1146 17 417 90 18 2267 1739 20 2268 5
1	725 1 2269 2270 4 5
1	16 2271 37 18 2272 701 2273 2274 5
1	16 1739 37 18 2206 40 11 5
1	16 2275 108 18 2276 2277 546 175 417 777 11 5
1	16 772 17 898 1321 1323 2278 11 5
1	16 424 772 399 271 2279 2057 87 85 5
1	16 17 18 2280 728 20 18 622 1556 5
1	725 383 204 888 26 5 2281 2282 5 2283 5
1	16 17 2284 220 2285 5
1	725 383 204 2286 1552 177 2287 1429 5
1	16 2288 17 18 217 11 18 42 5
1	2168 1739 37 2289 2290 2291 90 2292 66 18 2293 5
1	725 79 2294 1097 66 5
1	725 383 204 888 26 2295 177 2296 105 2297 2298 2299 20 492 5
1	16 2056 1642 790 18 2300 74 1170 2301 5
1	16 220 18 1426 2302 2303 2304 2305 90 132 5
1	725 17 2306 1146 2307 5
1	16 170 2308 1739 17 2093 1131 2309 1828 2310 5
1	16 1 18 2065 1848 177 801 406 196 2083 1 2311 5
1	725 1 18 2312 880 5 2313 5 5
1	16 1146 220 41 34 18 804 1289 2314 5
1	16 2315 1596 399 455 2316 477 2317 1582 517 11 18 202 5
1	725 1410 26 309 2318 2319 90 336 2320 90 2321 18 370 5
1	60 123 424 772 1 18 146 487 2322 135 5
1	16 17 18 2065 2323 11 1915 5
1	725 17 2324 5 2325 2326 11 18 424 5
1	16 2235 399 455 1459 477 2327 20 2328 5
1	725 220 18 2329 613 177 26 1344 1747 5
1	725 383 204 888 26 403 220 2285 66 26 343 344 5
1	725 37 2330 2331 83 502 2332 1285 5
1	16 1146 37 616 2333 2334 956 46 66 2335 90 2336 5
1	60 123 728 20 18 42 1 18 2337 22 203 209 5
1	16 17 18 2338 1374 2339 66 132 5
1	725 108 2340 40 5
1	16 424 1739 17 477 926 20 18 2341 5
1	725 383 204 888 580 18 804 268 2342 5
1	16 1 1244 1245 18 2343 351 5
1	2344 2310 17 2307 11 123 1739 5
1	16 1146 399 18 217 552 242 5
1	16 1146 17 18 42 220 217 2345 20 2346 5
1	16 1146 399 18 389 274 1092 5 105 2128 5
1	16 1739 17 2347 2310 11 5
1	16 17 18 217 1739 177 18 53 2348 5
1	16 1739 2349 2350 87 486 2351 2352 5
1	16 2353 2354 399 26 448 2355 5 2356 20 18 2357 5 5
1	725 383 2358 336 2359 1429 5
1	725 108 41 1848 2360 11 2361 5
1	16 34 18 2362 1310 5
1	725 177 18 2208 383 204 83 826 2363 18 2281 2364 177 18 140 722 20 1093 5
1	16 424 772 2365 2366 90 18 630 5
1	725 37 18 2367 20 2368 2369 2370 5
1	16 1739 17 2093 1131 2347 1828 2310 5
1	16 2371 2372 90 2188 5
1	725 17 2324 5 2325 2373 11 18 424 5
1	16 17 18 321 2285 20 18 2214 20 2374 2375 20 1228 20 18 2041 20 2376 5
1	725 17 18 2377 2378 2379 90 2380 5
1	16 1 18 2381 1146 413 9 1372 90 2040 1100 733 66 11 2382 5
1	60 16 1739 675 772 108 18 389 2383 1341 40 11 5